feed,title,long_url,short_url
BBC UK,Ilfracombe harbour waves swept child into the sea,https://www.bbc.co.uk/news/uk-england-devon-66450755?at_medium=RSS&at_campaign=KARANGA,https://da.gd/6ApMR
