feed,title,long_url,short_url
BBC World,Watch: Rubbish-filled balloon saga explained… in 63 seconds,https://www.bbc.com/news/videos/cl771kvq7p0o,https://da.gd/P229Y9
