feed,title,long_url,short_url
NPR,"Borrowers can now apply for new, income-based student loan repayment",https://www.npr.org/2023/08/22/1195141913/borrowers-can-now-apply-for-new-income-based-student-loan-repayment,https://da.gd/UInHP
