feed,title,long_url,short_url
BBC UK,D-Day 80th anniversary events around NI,https://www.bbc.com/news/articles/cv224djxepxo,https://da.gd/rMa3RS
