feed,title,long_url,short_url
NPR,Display of a captured wolf in a Wyoming bar brings outrage,https://www.npr.org/2024/05/28/nx-s1-4984051/wolf-display-wyoming-bar,https://da.gd/8vu3ZT
