feed,title,long_url,short_url
BBC UK,Siobhan Cattigan: Family need answers on Scotland forward's death before they can grieve,https://www.bbc.co.uk/sport/rugby-union/67483852?at_medium=RSS&at_campaign=KARANGA,https://da.gd/KNO3i
