feed,title,long_url,short_url
BBC UK,"Alan Bates knighted, as Staunton and Emin made dames among Birthday Honours",https://www.bbc.com/news/articles/c511l0j4l2po,https://da.gd/ef4rY
BBC UK,Bates learned of knighthood at Post Office Inquiry,https://www.bbc.com/news/articles/c722kzgp90lo,https://da.gd/H6mH
BBC UK,Cavendish knighted in King's Birthday Honours,https://www.bbc.com/sport/articles/c255wjrlp5no,https://da.gd/PXV6Zs
BBC UK,Dáithí's Law campaigner among Birthday Honours,https://www.bbc.com/news/articles/c0wwx21rng6o,https://da.gd/L4qf58
