feed,title,long_url,short_url
BBC World,First private Moon mission marks new era for space travel,https://www.bbc.co.uk/news/science-environment-68381392,https://da.gd/w5J4
