feed,title,long_url,short_url
Al Jazeera,US warns of ‘disaster’ amid oil slick in Red Sea from ship hit by Houthis,https://www.aljazeera.com/news/2024/2/24/us-warns-of-disaster-amid-oil-slick-in-red-sea-from-ship-hit-by-houthis?traffic_source=rss,https://da.gd/ZWMGd
