feed,title,long_url,short_url
NPR,'I ain't found it yet.' No line this mother won't cross to save her addicted daughter,https://www.npr.org/2023/12/12/1217838644/drugs-opioid-addiction-injection-fentanyl-mother,https://da.gd/6f8xx
