feed,title,long_url,short_url
BBC UK,Three men killed in single car crash in Falkirk,https://www.bbc.com/news/articles/cd16e8dxexlo,https://da.gd/1gekx
