feed,title,long_url,short_url
Al Jazeera,Typhoon Gaemi barrels towards China’s Fujian after sinking ship off Taiwan,https://www.aljazeera.com/news/2024/7/25/typhoon-gaemi-barrels-towards-chinas-fujian-after-sinking-ship-off-taiwan?traffic_source=rss,https://da.gd/1Btcv
