feed,title,long_url,short_url
BBC UK,Watch: World Athletics Relays,https://www.bbc.co.uk/iplayer/episode/m001z4vv,https://da.gd/gME4F
